######################################################################
t: 0.5
iter: 18
x				calc			prec			dif				N
0.000000e+00	0.000000e+00	0.000000e+00	0.000000e+00	1
1.000000e+00	5.010666e-01	5.000000e-01	1.066614e-03	5
2.000000e+00	1.000874e+00	1.000000e+00	8.735401e-04	9
3.000000e+00	1.500635e+00	1.500000e+00	6.349924e-04	13
4.000000e+00	2.000000e+00	2.000000e+00	0.000000e+00	17
||q-q*|| :1.517878e-03


######################################################################
t: 1.000000e+00
iter: 5
x				calc			prec			dif				N
0.000000e+00	0.000000e+00	0.000000e+00	0.000000e+00	1
1.000000e+00	1.002467e+00	1.000000e+00	2.467328e-03	5
2.000000e+00	2.001971e+00	2.000000e+00	1.970970e-03	9
3.000000e+00	3.001386e+00	3.000000e+00	1.385666e-03	13
4.000000e+00	4.000000e+00	4.000000e+00	0.000000e+00	17
||q-q*|| :3.448551e-03


######################################################################